Training LOCPRIM
Classes: [u'Flexura hepatica', u'Colon sigmoideum', u'Colon transversum', u'Colon ascendens', u'Caecum', u'Appendix', u'Flexura splenica', u'Anders', u'Rectum', u'Colon descendens', u'']
Accuracy scores: [0.29285714285714287, 0.31071428571428572, 0.2857142857142857, 0.31182795698924731, 0.30824372759856633] Score: 0.301871479775
Confusion matrix: [[ 217.    0.    0.    0.    0.    0.    0.    0.    0.    0.   74.]
 [   8.    0.    0.    0.    0.    0.    0.    0.    0.    0.    2.]
 [   3.    0.    0.    0.    0.    0.    0.    0.    0.    0.    1.]
 [  80.    0.    0.    0.    0.    0.    0.    0.    0.    0.   68.]
 [  83.    0.    0.    0.    0.    0.    0.    0.    0.    0.   48.]
 [  21.    0.    0.    0.    0.    0.    0.    0.    0.    0.   30.]
 [ 135.    0.    0.    0.    0.    0.    0.    0.    0.    0.  140.]
 [  29.    0.    0.    0.    0.    0.    0.    0.    0.    0.   32.]
 [  30.    0.    0.    0.    0.    0.    0.    0.    0.    0.   26.]
 [   9.    0.    0.    0.    0.    0.    0.    0.    0.    0.   13.]
 [ 144.    0.    0.    0.    0.    0.    0.    0.    0.    0.  205.]]
